   0.0000000e+00   0.0000000e+00   0.0000000e+00   0.0000000e+00   0.0000000e+00   0.0000000e+00
   9.0224722e-03  -4.2796003e-03  -2.6017937e-04  -2.6017937e-04  -3.8030314e-04  -2.3286851e-20
   1.8072411e-02  -8.5020240e-03  -5.0137569e-04  -5.1550686e-04  -7.6289152e-04  -1.5643153e-19
   2.7149944e-02  -1.2665996e-02  -7.2263648e-04  -7.6580290e-04  -1.1477766e-03  -2.3804265e-19
   3.6255169e-02  -1.6770230e-02  -9.2301691e-04  -1.0108882e-03  -1.5349679e-03  -3.7184913e-19
   4.5388156e-02  -2.0813433e-02  -1.1015817e-03  -1.2505838e-03  -1.9244728e-03  -4.1864646e-19
   5.4548944e-02  -2.4794306e-02  -1.2574068e-03  -1.4847120e-03  -2.3162964e-03  -3.0827846e-19
   6.3737538e-02  -2.8711544e-02  -1.3895819e-03  -1.7130959e-03  -2.7104415e-03  -4.3696132e-19
   7.2953911e-02  -3.2563843e-02  -1.4972121e-03  -1.9355604e-03  -3.1069085e-03  -4.8666708e-19
   8.2197998e-02  -3.6349903e-02  -1.5794205e-03  -2.1519325e-03  -3.5056950e-03  -5.8554095e-19
   9.1469699e-02  -4.0068425e-02  -1.6353503e-03  -2.3620414e-03  -3.9067962e-03  -4.9986162e-19
   1.0076887e-01  -4.3718122e-02  -1.6641675e-03  -2.5657193e-03  -4.3102041e-03  -3.9495989e-19
   1.1009535e-01  -4.7297717e-02  -1.6650634e-03  -2.7628016e-03  -4.7159081e-03  -3.1734942e-19
   1.1944889e-01  -5.0805950e-02  -1.6372572e-03  -2.9531276e-03  -5.1238945e-03  -4.3086568e-19
   1.2882926e-01  -5.4241581e-02  -1.5799985e-03  -3.1365411e-03  -5.5341464e-03  -3.6235507e-19
   1.3823613e-01  -5.7603391e-02  -1.4925702e-03  -3.3128904e-03  -5.9466439e-03  -2.3276927e-19
   1.4766918e-01  -6.0890192e-02  -1.3742915e-03  -3.4820293e-03  -6.3613638e-03  -1.8701177e-19
   1.5712801e-01  -6.4100825e-02  -1.2245201e-03  -3.6438176e-03  -6.7782796e-03  -1.0658419e-19
   1.6661218e-01  -6.7234171e-02  -1.0426555e-03  -3.7981215e-03  -7.1973617e-03  -7.1540507e-20
   1.7612124e-01  -7.0289148e-02  -8.2814136e-04  -3.9448141e-03  -7.6185770e-03  -9.9888710e-20
   1.8565466e-01  -7.3264723e-02  -5.8046845e-04  -4.0837760e-03  -8.0418892e-03  -1.4383058e-19
   1.9521189e-01  -7.6159910e-02  -2.9917712e-04  -4.2148961e-03  -8.4672586e-03  -9.8150934e-20
   2.0479233e-01  -7.8973779e-02   1.6140134e-05  -4.3380718e-03  -8.8946425e-03  -7.7723361e-20
   2.1439536e-01  -8.1705459e-02   3.6583630e-04  -4.4532094e-03  -9.3239949e-03  -8.3899844e-20
   2.2402029e-01  -8.4354140e-02   7.5020757e-04  -4.5602252e-03  -9.7552666e-03  -4.0203732e-20
   2.3366642e-01  -8.6919081e-02   1.1694913e-03  -4.6590451e-03  -1.0188406e-02   9.7485686e-21
   2.4333302e-01  -8.9399611e-02   1.6238641e-03  -4.7496059e-03  -1.0623357e-02   1.0050281e-19
   2.5301931e-01  -9.1795134e-02   2.1134400e-03  -4.8318552e-03  -1.1060063e-02   9.9434952e-20
   2.6272451e-01  -9.4105131e-02   2.6382696e-03  -4.9057517e-03  -1.1498464e-02   1.5014961e-19
   2.7244778e-01  -9.6329165e-02   3.1983379e-03  -4.9712658e-03  -1.1938497e-02   2.3138439e-19
   2.8218830e-01  -9.8466884e-02   3.7935643e-03  -5.0283798e-03  -1.2380097e-02   1.4163337e-19
   2.9194519e-01  -1.0051802e-01   4.4238013e-03  -5.0770881e-03  -1.2823198e-02   2.0512592e-19
   3.0171759e-01  -1.0248239e-01   5.0888348e-03  -5.1173971e-03  -1.3267731e-02   1.5109531e-19
   3.1150460e-01  -1.0435991e-01   5.7883831e-03  -5.1493260e-03  -1.3713626e-02   1.6817031e-19
   3.2130535e-01  -1.0615058e-01   6.5220981e-03  -5.1729059e-03  -1.4160812e-02   3.2756604e-19
   3.3111893e-01  -1.0785450e-01   7.2895650e-03  -5.1881809e-03  -1.4609217e-02   4.6967030e-19
   3.4094445e-01  -1.0947183e-01   8.0903038e-03  -5.1952071e-03  -1.5058768e-02   4.9211876e-19
   3.5078103e-01  -1.1100287e-01   8.9237697e-03  -5.1940530e-03  -1.5509391e-02   4.2949434e-19
   3.6062777e-01  -1.1244798e-01   9.7893549e-03  -5.1847992e-03  -1.5961012e-02   3.6522341e-19
   3.7048382e-01  -1.1380761e-01   1.0686390e-02  -5.1675383e-03  -1.6413559e-02   3.3311933e-19
   3.8034831e-01  -1.1508231e-01   1.1614146e-02  -5.1423745e-03  -1.6866957e-02   4.5768197e-19
   3.9022041e-01  -1.1627269e-01   1.2571836e-02  -5.1094234e-03  -1.7321135e-02   4.0581979e-19
   4.0009932e-01  -1.1737948e-01   1.3558617e-02  -5.0688114e-03  -1.7776019e-02   3.9240957e-19
   4.0998423e-01  -1.1840346e-01   1.4573594e-02  -5.0206758e-03  -1.8231538e-02   5.2596345e-19
   4.1987439e-01  -1.1934551e-01   1.5615820e-02  -4.9651640e-03  -1.8687624e-02   3.9978058e-19
   4.2976906e-01  -1.2020656e-01   1.6684301e-02  -4.9024332e-03  -1.9144206e-02   2.5762392e-19
   4.3966754e-01  -1.2098763e-01   1.7777996e-02  -4.8326498e-03  -1.9601219e-02   2.7110059e-19
   4.4956918e-01  -1.2168979e-01   1.8895823e-02  -4.7559890e-03  -2.0058597e-02   4.0142620e-19
   4.5947333e-01  -1.2231418e-01   2.0036660e-02  -4.6726344e-03  -2.0516277e-02   4.2316181e-19
   4.6937940e-01  -1.2286201e-01   2.1199346e-02  -4.5827774e-03  -2.0974198e-02   4.8813947e-19
   4.7928684e-01  -1.2333453e-01   2.2382686e-02  -4.4866167e-03  -2.1432301e-02   3.9551785e-19
   4.8919513e-01  -1.2373302e-01   2.3585456e-02  -4.3843576e-03  -2.1890528e-02   2.9606684e-19
   4.9910378e-01  -1.2405885e-01   2.4806398e-02  -4.2762119e-03  -2.2348825e-02   2.2098489e-19
   5.0901236e-01  -1.2431340e-01   2.6044230e-02  -4.1623970e-03  -2.2807141e-02   3.3404053e-19
   5.1892047e-01  -1.2449808e-01   2.7297647e-02  -4.0431357e-03  -2.3265425e-02   3.5056556e-19
   5.2882774e-01  -1.2461437e-01   2.8565320e-02  -3.9186554e-03  -2.3723630e-02   2.9333858e-19
   5.3873385e-01  -1.2466373e-01   2.9845900e-02  -3.7891882e-03  -2.4181711e-02   2.9368767e-19
   5.4863852e-01  -1.2464767e-01   3.1138022e-02  -3.6549698e-03  -2.4639627e-02   3.6530566e-19
   5.5854150e-01  -1.2456773e-01   3.2440303e-02  -3.5162395e-03  -2.5097336e-02   4.4758174e-19
   5.6844257e-01  -1.2442544e-01   3.3751348e-02  -3.3732399e-03  -2.5554801e-02   4.8970066e-19
   5.7834155e-01  -1.2422237e-01   3.5069748e-02  -3.2262162e-03  -2.6011988e-02   4.3717131e-19
   5.8823831e-01  -1.2396006e-01   3.6394083e-02  -3.0754160e-03  -2.6468864e-02   4.0296035e-19
   5.9813273e-01  -1.2364011e-01   3.7722922e-02  -2.9210892e-03  -2.6925397e-02   3.5915329e-19
   6.0802474e-01  -1.2326407e-01   3.9054829e-02  -2.7634874e-03  -2.7381559e-02   2.1050570e-19
   6.1791427e-01  -1.2283353e-01   4.0388355e-02  -2.6028638e-03  -2.7837324e-02   8.1293744e-20
   6.2780130e-01  -1.2235005e-01   4.1722047e-02  -2.4394733e-03  -2.8292669e-02  -9.5955805e-20
   6.3768585e-01  -1.2181520e-01   4.3054443e-02  -2.2735716e-03  -2.8747569e-02  -1.4947555e-19
   6.4756792e-01  -1.2123053e-01   4.4384076e-02  -2.1054156e-03  -2.9202005e-02  -2.2921540e-19
   6.5744759e-01  -1.2059761e-01   4.5709472e-02  -1.9352633e-03  -2.9655958e-02  -1.6155743e-19
   6.6732490e-01  -1.1991795e-01   4.7029152e-02  -1.7633731e-03  -3.0109411e-02  -7.7417404e-20
   6.7719996e-01  -1.1919309e-01   4.8341628e-02  -1.5900046e-03  -3.0562347e-02  -1.8370100e-19
   6.8707287e-01  -1.1842452e-01   4.9645408e-02  -1.4154178e-03  -3.1014753e-02  -2.2515082e-19
   6.9694375e-01  -1.1761375e-01   5.0938991e-02  -1.2398735e-03  -3.1466615e-02  -2.5349843e-19
   7.0681274e-01  -1.1676223e-01   5.2220868e-02  -1.0636330e-03  -3.1917922e-02  -2.6175381e-19
   7.1667999e-01  -1.1587142e-01   5.3489522e-02  -8.8695841e-04  -3.2368662e-02  -2.2613528e-19
   7.2654565e-01  -1.1494275e-01   5.4743426e-02  -7.1011274e-04  -3.2818826e-02  -9.1284871e-20
   7.3640990e-01  -1.1397762e-01   5.5981042e-02  -5.3335969e-04  -3.3268404e-02  -7.1843872e-20
   7.4627292e-01  -1.1297740e-01   5.7200819e-02  -3.5696402e-04  -3.3717388e-02  -5.8967423e-20
   7.5613487e-01  -1.1194346e-01   5.8401191e-02  -1.8119156e-04  -3.4165770e-02  -2.9163124e-19
   7.6599595e-01  -1.1087712e-01   5.9580579e-02  -6.3094817e-06  -3.4613542e-02  -3.6657123e-19
   7.7585634e-01  -1.0977968e-01   6.0737383e-02   1.6741358e-04  -3.5060696e-02  -2.6245212e-19
   7.8571623e-01  -1.0865241e-01   6.1869983e-02   3.3970724e-04  -3.5507226e-02  -3.6451746e-19
   7.9557580e-01  -1.0749655e-01   6.2976738e-02   5.1029912e-04  -3.5953125e-02  -3.0303431e-19
   8.0543523e-01  -1.0631329e-01   6.4055979e-02   6.7891453e-04  -3.6398383e-02  -3.1996346e-19
   8.1529471e-01  -1.0510382e-01   6.5106010e-02   8.4527614e-04  -3.6842994e-02  -4.7850323e-19
   8.2515440e-01  -1.0386927e-01   6.6125099e-02   1.0091036e-03  -3.7286950e-02  -5.8507219e-19
   8.3501445e-01  -1.0261073e-01   6.7111480e-02   1.1701130e-03  -3.7730241e-02  -5.3100554e-19
   8.4487503e-01  -1.0132926e-01   6.8063345e-02   1.3280166e-03  -3.8172857e-02  -6.2273178e-19
   8.5473626e-01  -1.0002587e-01   6.8978840e-02   1.4825220e-03  -3.8614787e-02  -6.1340321e-19
   8.6459827e-01  -9.8701531e-02   6.9856058e-02   1.6333320e-03  -3.9056018e-02  -6.4459565e-19
   8.7446115e-01  -9.7357161e-02   7.0693034e-02   1.7801431e-03  -3.9496537e-02  -7.2061366e-19
   8.8432500e-01  -9.5993623e-02   7.1487738e-02   1.9226457e-03  -3.9936328e-02  -5.6863919e-19
   8.9418987e-01  -9.4611724e-02   7.2238064e-02   2.0605223e-03  -4.0375372e-02  -5.9951837e-19
   9.0405578e-01  -9.3212204e-02   7.2941824e-02   2.1934473e-03  -4.0813649e-02  -7.9250309e-19
   9.1392275e-01  -9.1795738e-02   7.3596736e-02   2.3210852e-03  -4.1251135e-02  -7.4887840e-19
   9.2379073e-01  -9.0362920e-02   7.4200411e-02   2.4430896e-03  -4.1687804e-02  -9.0670364e-19
   9.3365965e-01  -8.8914258e-02   7.4750339e-02   2.5591018e-03  -4.2123624e-02  -9.2767633e-19
   9.4352938e-01  -8.7450165e-02   7.5243871e-02   2.6687485e-03  -4.2558560e-02  -9.7569579e-19
   9.5339976e-01  -8.5970942e-02   7.5678203e-02   2.7716406e-03  -4.2992571e-02  -9.6954952e-19
   9.6327054e-01  -8.4476765e-02   7.6050348e-02   2.8673699e-03  -4.3425612e-02  -1.1559020e-18
   9.7314141e-01  -8.2967668e-02   7.6357112e-02   2.9555068e-03  -4.3857627e-02  -1.2020645e-18
   9.8301198e-01  -8.1443519e-02   7.6595062e-02   3.0355968e-03  -4.4288555e-02  -1.3439555e-18
   9.9288177e-01  -7.9903992e-02   7.6760482e-02   3.1071564e-03  -4.4718324e-02  -1.3446301e-18
   1.0027502e+00  -7.8348534e-02   7.6849330e-02   3.1696681e-03  -4.5146849e-02  -1.5172757e-18
   1.0126164e+00  -7.6776328e-02   7.6857178e-02   3.2225747e-03  -4.5574034e-02  -1.4608657e-18
   1.0224796e+00  -7.5186232e-02   7.6779140e-02   3.2652718e-03  -4.5999764e-02  -1.4653944e-18
   1.0323386e+00  -7.3576723e-02   7.6609783e-02   3.2970985e-03  -4.6423903e-02  -1.5762229e-18
   1.0421920e+00  -7.1945808e-02   7.6343013e-02   3.3173263e-03  -4.6846290e-02  -1.5579694e-18
   1.0520382e+00  -7.0290922e-02   7.5971932e-02   3.3251443e-03  -4.7266734e-02  -1.6133444e-18
   1.0618749e+00  -6.8608786e-02   7.5488653e-02   3.3196407e-03  -4.7685002e-02  -1.6410569e-18
   1.0716997e+00  -6.6895225e-02   7.4884057e-02   3.2997780e-03  -4.8100811e-02  -1.6235318e-18
   1.0815089e+00  -6.5144923e-02   7.4147471e-02   3.2643611e-03  -4.8513812e-02  -1.5753708e-18
   1.0912985e+00  -6.3351095e-02   7.3266229e-02   3.2119938e-03  -4.8923567e-02  -1.6491555e-18
   1.1010626e+00  -6.1505019e-02   7.2225081e-02   3.1410185e-03  -4.9329519e-02  -1.6866520e-18
   1.1107938e+00  -5.9595392e-02   7.1005343e-02   3.0494333e-03  -4.9730947e-02  -1.6840767e-18
   1.1204818e+00  -5.7607388e-02   6.9583697e-02   2.9347719e-03  -5.0126895e-02  -1.6443485e-18
   1.1301121e+00  -5.5521269e-02   6.7930412e-02   2.7939286e-03  -5.0516065e-02  -1.5834932e-18
   1.1396639e+00  -5.3310284e-02   6.6006670e-02   2.6228955e-03  -5.0896636e-02  -1.5118214e-18
   1.1491055e+00  -5.0937389e-02   6.3760431e-02   2.4163577e-03  -5.1265963e-02  -1.6314120e-18
   1.1583870e+00  -4.8350057e-02   6.1119931e-02   2.1670625e-03  -5.1620030e-02  -1.7541180e-18
   1.1674246e+00  -4.5472023e-02   5.7983453e-02   1.8648375e-03  -5.1952437e-02  -1.7897853e-18
   1.1760690e+00  -4.2190880e-02   5.4204305e-02   1.4951801e-03  -5.2252398e-02  -1.7602723e-18
   1.1840382e+00  -3.8344474e-02   4.9575552e-02   1.0379487e-03  -5.2500823e-02  -1.7295225e-18
   1.1907925e+00  -3.3733298e-02   4.3851233e-02   4.6997662e-04  -5.2663852e-02  -1.6814581e-18
   1.1954628e+00  -2.8262727e-02   3.6938099e-02  -2.1496571e-04  -5.2691487e-02  -1.5757586e-18
   1.1974944e+00  -2.2233286e-02   2.9261548e-02  -9.6985411e-04  -5.2552731e-02  -1.4213226e-18
   1.1974944e+00  -2.2233286e-02   2.9261548e-02  -9.6985411e-04  -5.2552731e-02  -1.4213226e-18
   1.2000000e+00   0.0000000e+00   0.0000000e+00   0.0000000e+00   0.0000000e+00   0.0000000e+00
