   0.0000000e+00   0.0000000e+00   0.0000000e+00   0.0000000e+00   0.0000000e+00   0.0000000e+00
   1.3701122e-01   1.7129912e-01  -1.5854277e-01   0.0000000e+00   0.0000000e+00   0.0000000e+00
   2.8918334e-01   1.9839889e-01  -6.0981032e-02   0.0000000e+00   0.0000000e+00   0.0000000e+00
   3.6901207e-01   2.5405637e-01   2.1600795e-02   0.0000000e+00   0.0000000e+00   0.0000000e+00
   3.8308919e-01   1.4660433e-01   3.2865614e-02   0.0000000e+00   0.0000000e+00   0.0000000e+00
   4.6899459e-01   1.6436036e-01   1.1823131e-01   0.0000000e+00   0.0000000e+00   0.0000000e+00
   5.4709990e-01   1.4846734e-01   1.3760272e-01   0.0000000e+00   0.0000000e+00   0.0000000e+00
   5.5720988e-01   1.8247925e-01   2.2218418e-01   0.0000000e+00   0.0000000e+00   0.0000000e+00
   6.4095972e-01   2.0397291e-01   9.0743465e-02   0.0000000e+00   0.0000000e+00   0.0000000e+00
   7.3704790e-01   1.6054820e-01   2.3769639e-01   0.0000000e+00   0.0000000e+00   0.0000000e+00
   8.8822351e-01  -4.6503148e-05   1.1303633e-01   0.0000000e+00   0.0000000e+00   0.0000000e+00
   1.2000000e+00   0.0000000e+00   0.0000000e+00   0.0000000e+00   0.0000000e+00   0.0000000e+00
